MinTemp,MaxTemp,WindGustSpeed,WindSpeed9am,WindSpeed3pm,Humidity9am,Humidity3pm,Pressure9am,Pressure3pm,Cloud9am,Cloud3pm,Temp9am,Temp3pm,WGD_E,WGD_ENE,WGD_ESE,WGD_N,WGD_NE,WGD_NNE,WGD_NNW,WGD_NW,WGD_S,WGD_SE,WGD_SSE,WGD_SSW,WGD_SW,WGD_W,WGD_WNW,WGD_WSW,WGD9_E,WGD9_ENE,WGD9_ESE,WGD9_N,WGD9_NE,WGD9_NNE,WGD9_NNW,WGD9_NW,WGD9_S,WGD9_SE,WGD9_SSE,WGD9_SSW,WGD9_SW,WGD9_W,WGD9_WNW,WGD9_WSW,WGD3_E,WGD3_ENE,WGD3_ESE,WGD3_N,WGD3_NE,WGD3_NNE,WGD3_NNW,WGD3_NW,WGD3_S,WGD3_SE,WGD3_SSE,WGD3_SSW,WGD3_SW,WGD3_W,WGD3_WNW,WGD3_WSW,RainToday,index,key,pred_test1,pred_test2,pred_test3
13.5,27.9,52,9,9,78,51,1014.7,1010.9,2,5.38,19.5,24.3,0,0,0,0,0,0,1,0,0,0,0,0,0,0,0,0,0,0,0,0,0,0,0,0,0,1,0,0,0,0,0,0,0,0,0,0,0,0,0,0,0,1,0,0,0,0,0,0,0,2014-11-30,testing,NA,NA,NA
11.6,32.7,50,15,26,69,33,1010.1,1005.6,2.379083333333333,1,21.2,31.5,0,0,0,0,0,0,0,1,0,0,0,0,0,0,0,0,0,0,0,0,0,0,0,1,0,0,0,0,0,0,0,0,0,0,0,0,0,0,0,0,0,0,0,0,0,1,0,0,1,2014-12-01,testing,NA,NA,NA
13.8,33,54,24,26,66,32,1010.6,1007.5,2.9310357142857146,3,22.1,30.2,0,0,0,0,0,0,0,1,0,0,0,0,0,0,0,0,0,0,0,0,0,0,0,1,0,0,0,0,0,0,0,0,0,0,0,0,0,0,0,0,0,0,0,0,0,0,1,0,0,2014-12-02,testing,NA,NA,NA
13.5,31.8,70,9,9,78,93,1013.3,1014.3,5.798928571428571,8,20.3,18.2,0,0,0,0,0,0,0,0,0,0,0,0,0,0,0,1,0,0,0,0,0,0,0,0,0,0,0,1,0,0,0,0,0,0,0,0,0,0,0,0,0,0,0,0,1,0,0,0,0,2014-12-03,testing,NA,NA,NA
14.5,28.2,48,11,13,80,53,1012,1009.2,5.428727272727271,2,20,26.7,0,0,0,0,0,0,0,0,0,0,0,0,0,1,0,0,0,0,0,0,0,0,0,1,0,0,0,0,0,0,0,0,0,0,0,0,0,0,1,0,0,0,0,0,0,0,0,0,1,2014-12-04,testing,NA,NA,NA
13.4,28.4,41,17,17,69,46,1008.2,1004.5,5,1,20.6,27.5,1,0,0,0,0,0,0,0,0,0,0,0,0,0,0,0,0,0,0,0,0,0,0,1,0,0,0,0,0,0,0,0,0,0,0,0,0,0,0,0,0,0,0,0,0,0,0,1,1,2014-12-05,testing,21.523558090006816,NA,NA
15.8,22.6,50,9,13,68,96,1006.2,1004.8,6.7485,8,21.1,15.5,0,0,0,0,0,0,0,1,0,0,0,0,0,0,0,0,0,0,0,1,0,0,0,0,0,0,0,0,0,0,0,0,0,0,1,0,0,0,0,0,0,0,0,0,0,0,0,0,0,2014-12-06,testing,22.277002184052197,22.180888149533423,NA
10.4,27.5,56,7,24,73,37,1005.9,1003.5,8,8,17.3,25.7,0,0,0,0,0,0,0,1,0,0,0,0,0,0,0,0,0,0,0,0,0,0,0,1,0,0,0,0,0,0,0,0,0,0,0,0,0,0,1,0,0,0,0,0,0,0,0,0,1,2014-12-07,testing,22.703138413936884,22.63076341025808,22.068793969337072
11,29.1,46,6,26,76,33,1007.5,1006.3,4.56225,8,18.8,27.2,0,0,0,0,0,0,1,0,0,0,0,0,0,0,0,0,0,0,0,0,0,0,0,0,0,0,0,0,1,0,0,0,0,0,0,0,0,0,0,1,0,0,0,0,0,0,0,0,0,2014-12-08,testing,21.79105849899,21.7388869252282,21.353804998537587
16,29.4,50,9,15,68,33,1013.9,1011.2,8,8,19.5,27.7,0,1,0,0,0,0,0,0,0,0,0,0,0,0,0,0,0,0,0,0,1,0,0,0,0,0,0,0,0,0,0,0,0,0,0,0,0,1,0,0,0,0,0,0,0,0,0,0,0,2014-12-09,testing,22.043819924115866,22.005245357363595,21.73246029223888
13.8,30.8,61,6,6,73,37,1013.6,1008.2,8,4.870854070660522,19.4,28.7,0,0,0,0,0,0,1,0,0,0,0,0,0,0,0,0,0,0,0,0,0,0,0,1,0,0,0,0,0,0,0,0,0,0,0,0,0,0,1,0,0,0,0,0,0,0,0,0,0,2014-12-10,testing,NA,22.2684089475494,22.077602088510403
15,22.6,48,19,26,79,49,1008.8,1009.7,8,8,15,21.8,0,0,1,0,0,0,0,0,0,0,0,0,0,0,0,0,0,0,0,0,0,0,0,0,0,0,1,0,0,0,0,0,0,0,0,0,0,0,0,0,1,0,0,0,0,0,0,0,1,2014-12-11,testing,NA,NA,21.05577769005693
